#  Altitude     Expl-Fragm Coll-Fragm Launch/Mis NaK-Drops   SRM-Slag   SRM-Dust  Paint Flks   Ejecta      MLI      Cloud 1    Cloud 2    Cloud 3    Cloud 4    Cloud 5   Human-made Meteoroids  Streams     Total
#____[km]________[1/km^3]___[1/km^3]___[1/km^3]___[1/km^3]___[1/km^3]___[1/km^3]___[1/km^3]___[1/km^3]___[1/km^3]___[1/km^3]___[1/km^3]___[1/km^3]___[1/km^3]___[1/km^3]___[1/km^3]___[1/km^3]___[1/km^3]____[1/km^3]_
  202.315891         0          0          0          0          0          0          0          0          0          0          0          0          0          0     0.2794E-08 0.1446E-08      0      0.4241E-08
  207.028433         0          0          0          0          0          0          0          0          0          0          0          0          0          0     0.3278E-08 0.1451E-08      0      0.4729E-08
  211.850745         0          0          0          0          0          0          0          0          0          0          0          0          0          0     0.3642E-08 0.1455E-08      0      0.5097E-08
  216.785383         0          0          0          0          0          0          0          0          0          0          0          0          0          0     0.3352E-08 0.1459E-08      0      0.4811E-08
  221.834963         0          0          0          0          0          0          0          0          0          0          0          0          0          0     0.3153E-08 0.1463E-08      0      0.4617E-08
  227.002163         0          0          0          0          0          0          0          0          0          0          0          0          0          0     0.3446E-08 0.1468E-08      0      0.4914E-08
  232.289723         0          0          0          0          0          0          0          0          0          0          0          0          0          0     0.4032E-08 0.1472E-08      0      0.5504E-08
  237.700445         0          0          0          0          0          0          0          0          0          0          0          0          0          0     0.5539E-08 0.1476E-08      0      0.7015E-08
  243.237200         0          0          0          0          0          0          0          0          0          0          0          0          0          0     0.6382E-08 0.1480E-08      0      0.7862E-08
  248.902922         0          0          0          0          0          0          0          0          0          0          0          0          0          0     0.6191E-08 0.1484E-08      0      0.7676E-08
  254.700616         0          0          0          0          0          0          0          0          0          0          0          0          0          0     0.6639E-08 0.1489E-08      0      0.8128E-08
  260.633356         0          0          0          0          0          0          0          0          0          0          0          0          0          0     0.7471E-08 0.1493E-08      0      0.8964E-08
  266.704286         0          0          0          0          0          0          0          0          0          0          0          0          0          0     0.1139E-07 0.1497E-08      0      0.1289E-07
  272.916627         0          0          0          0          0          0          0          0          0          0          0          0          0          0     0.1397E-07 0.1501E-08      0      0.1547E-07
  279.273672         0          0          0          0          0          0          0          0          0          0          0          0          0          0     0.1280E-07 0.1505E-08      0      0.1430E-07
  285.778792         0          0          0          0          0          0          0          0          0          0          0          0          0          0     0.1462E-07 0.1509E-08      0      0.1613E-07
  292.435435         0          0          0          0          0          0          0          0          0          0          0          0          0          0     0.1733E-07 0.1513E-08      0      0.1885E-07
  299.247131         0          0          0          0          0          0          0          0          0          0          0          0          0          0     0.1913E-07 0.1517E-08      0      0.2065E-07
  306.217492         0          0          0          0          0          0          0          0          0          0          0          0          0          0     0.2367E-07 0.1522E-08      0      0.2520E-07
  313.350214         0          0          0          0          0          0          0          0          0          0          0          0          0          0     0.2800E-07 0.1526E-08      0      0.2952E-07
  320.649078         0          0          0          0          0          0          0          0          0          0          0          0          0          0     0.2982E-07 0.1530E-08      0      0.3135E-07
  328.117955         0          0          0          0          0          0          0          0          0          0          0          0          0          0     0.3050E-07 0.1534E-08      0      0.3203E-07
  335.760804         0          0          0          0          0          0          0          0          0          0          0          0          0          0     0.3252E-07 0.1538E-08      0      0.3405E-07
  343.581677         0          0          0          0          0          0          0          0          0          0          0          0          0          0     0.3603E-07 0.1542E-08      0      0.3757E-07
  351.584723         0          0          0          0          0          0          0          0          0          0          0          0          0          0     0.4063E-07 0.1546E-08      0      0.4217E-07
  359.774183         0          0          0          0          0          0          0          0          0          0          0          0          0          0     0.4255E-07 0.1550E-08      0      0.4410E-07
  368.154400         0          0          0          0          0          0          0          0          0          0          0          0          0          0     0.4607E-07 0.1554E-08      0      0.4762E-07
  376.729818         0          0          0          0          0          0          0          0          0          0          0          0          0          0     0.5309E-07 0.1559E-08      0      0.5464E-07
  385.504983         0          0          0          0          0          0          0          0          0          0          0          0          0          0     0.6217E-07 0.1563E-08      0      0.6373E-07
  394.484547         0          0          0          0          0          0          0          0          0          0          0          0          0          0     0.6616E-07 0.1567E-08      0      0.6773E-07
  403.673273         0          0          0          0          0          0          0          0          0          0          0          0          0          0     0.6209E-07 0.1571E-08      0      0.6366E-07
  413.076031         0          0          0          0          0          0          0          0          0          0          0          0          0          0     0.6174E-07 0.1575E-08      0      0.6332E-07
  422.697808         0          0          0          0          0          0          0          0          0          0          0          0          0          0     0.6711E-07 0.1579E-08      0      0.6869E-07
  432.543705         0          0          0          0          0          0          0          0          0          0          0          0          0          0     0.7051E-07 0.1583E-08      0      0.7210E-07
  442.618942         0          0          0          0          0          0          0          0          0          0          0          0          0          0     0.7345E-07 0.1587E-08      0      0.7504E-07
  452.928862         0          0          0          0          0          0          0          0          0          0          0          0          0          0     0.8316E-07 0.1591E-08      0      0.8476E-07
  463.478930         0          0          0          0          0          0          0          0          0          0          0          0          0          0     0.9125E-07 0.1595E-08      0      0.9285E-07
  474.274741         0          0          0          0          0          0          0          0          0          0          0          0          0          0     0.1080E-06 0.1599E-08      0      0.1096E-06
  485.322019         0          0          0          0          0          0          0          0          0          0          0          0          0          0     0.1080E-06 0.1603E-08      0      0.1096E-06
  496.626621         0          0          0          0          0          0          0          0          0          0          0          0          0          0     0.1125E-06 0.1607E-08      0      0.1141E-06
  508.194541         0          0          0          0          0          0          0          0          0          0          0          0          0          0     0.1374E-06 0.1611E-08      0      0.1390E-06
  520.031913         0          0          0          0          0          0          0          0          0          0          0          0          0          0     0.1476E-06 0.1615E-08      0      0.1492E-06
  532.145012         0          0          0          0          0          0          0          0          0          0          0          0          0          0     0.1778E-06 0.1619E-08      0      0.1794E-06
  544.540262         0          0          0          0          0          0          0          0          0          0          0          0          0          0     0.1663E-06 0.1623E-08      0      0.1680E-06
  557.224234         0          0          0          0          0          0          0          0          0          0          0          0          0          0     0.1870E-06 0.1627E-08      0      0.1886E-06
  570.203654         0          0          0          0          0          0          0          0          0          0          0          0          0          0     0.1904E-06 0.1631E-08      0      0.1921E-06
  583.485403         0          0          0          0          0          0          0          0          0          0          0          0          0          0     0.2226E-06 0.1635E-08      0      0.2242E-06
  597.076524         0          0          0          0          0          0          0          0          0          0          0          0          0          0     0.2448E-06 0.1639E-08      0      0.2465E-06
  610.984223         0          0          0          0          0          0          0          0          0          0          0          0          0          0     0.2672E-06 0.1643E-08      0      0.2689E-06
  625.215873         0          0          0          0          0          0          0          0          0          0          0          0          0          0     0.2867E-06 0.1647E-08      0      0.2884E-06
  639.779022         0          0          0          0          0          0          0          0          0          0          0          0          0          0     0.3611E-06 0.1651E-08      0      0.3628E-06
  654.681390         0          0          0          0          0          0          0          0          0          0          0          0          0          0     0.4085E-06 0.1655E-08      0      0.4102E-06
  669.930878         0          0          0          0          0          0          0          0          0          0          0          0          0          0     0.4155E-06 0.1658E-08      0      0.4172E-06
  685.535573         0          0          0          0          0          0          0          0          0          0          0          0          0          0     0.4825E-06 0.1662E-08      0      0.4842E-06
  701.503748         0          0          0          0          0          0          0          0          0          0          0          0          0          0     0.5248E-06 0.1666E-08      0      0.5265E-06
  717.843869         0          0          0          0          0          0          0          0          0          0          0          0          0          0     0.6464E-06 0.1670E-08      0      0.6481E-06
  734.564601         0          0          0          0          0          0          0          0          0          0          0          0          0          0     0.7443E-06 0.1674E-08      0      0.7459E-06
  751.674809         0          0          0          0          0          0          0          0          0          0          0          0          0          0     0.8813E-06 0.1677E-08      0      0.8830E-06
  769.183564         0          0          0          0          0          0          0          0          0          0          0          0          0          0     0.9385E-06 0.1681E-08      0      0.9401E-06
  787.100151         0          0          0          0          0          0          0          0          0          0          0          0          0          0     0.9613E-06 0.1685E-08      0      0.9630E-06
  805.434069         0          0          0          0          0          0          0          0          0          0          0          0          0          0     0.9957E-06 0.1688E-08      0      0.9974E-06
  824.195038         0          0          0          0          0          0          0          0          0          0          0          0          0          0     0.1109E-05 0.1692E-08      0      0.1110E-05
  843.393007         0          0          0          0          0          0          0          0          0          0          0          0          0          0     0.1164E-05 0.1696E-08      0      0.1166E-05
  863.038154         0          0          0          0          0          0          0          0          0          0          0          0          0          0     0.1062E-05 0.1699E-08      0      0.1064E-05
  883.140895         0          0          0          0          0          0          0          0          0          0          0          0          0          0     0.8142E-06 0.1703E-08      0      0.8159E-06
  903.711889         0          0          0          0          0          0          0          0          0          0          0          0          0          0     0.6769E-06 0.1706E-08      0      0.6786E-06
  924.762043         0          0          0          0          0          0          0          0          0          0          0          0          0          0     0.5934E-06 0.1710E-08      0      0.5951E-06
  946.302518         0          0          0          0          0          0          0          0          0          0          0          0          0          0     0.5360E-06 0.1713E-08      0      0.5377E-06
  968.344735         0          0          0          0          0          0          0          0          0          0          0          0          0          0     0.4651E-06 0.1717E-08      0      0.4668E-06
  990.900382         0          0          0          0          0          0          0          0          0          0          0          0          0          0     0.4134E-06 0.1720E-08      0      0.4151E-06
 1013.981417         0          0          0          0          0          0          0          0          0          0          0          0          0          0     0.3699E-06 0.1723E-08      0      0.3716E-06
 1037.600078         0          0          0          0          0          0          0          0          0          0          0          0          0          0     0.3680E-06 0.1727E-08      0      0.3697E-06
 1061.768888         0          0          0          0          0          0          0          0          0          0          0          0          0          0     0.3487E-06 0.1730E-08      0      0.3504E-06
 1086.500663         0          0          0          0          0          0          0          0          0          0          0          0          0          0     0.2965E-06 0.1733E-08      0      0.2983E-06
 1111.808515         0          0          0          0          0          0          0          0          0          0          0          0          0          0     0.2601E-06 0.1736E-08      0      0.2619E-06
 1137.705862         0          0          0          0          0          0          0          0          0          0          0          0          0          0     0.2574E-06 0.1740E-08      0      0.2591E-06
 1164.206436         0          0          0          0          0          0          0          0          0          0          0          0          0          0     0.2415E-06 0.1743E-08      0      0.2432E-06
 1191.324287         0          0          0          0          0          0          0          0          0          0          0          0          0          0     0.2718E-06 0.1746E-08      0      0.2736E-06
 1219.073794         0          0          0          0          0          0          0          0          0          0          0          0          0          0     0.2721E-06 0.1749E-08      0      0.2739E-06
 1247.469671         0          0          0          0          0          0          0          0          0          0          0          0          0          0     0.2691E-06 0.1751E-08      0      0.2709E-06
 1276.526972         0          0          0          0          0          0          0          0          0          0          0          0          0          0     0.2928E-06 0.1754E-08      0      0.2945E-06
 1306.261105         0          0          0          0          0          0          0          0          0          0          0          0          0          0     0.2419E-06 0.1757E-08      0      0.2436E-06
 1336.687835         0          0          0          0          0          0          0          0          0          0          0          0          0          0     0.2224E-06 0.1760E-08      0      0.2241E-06
 1367.823295         0          0          0          0          0          0          0          0          0          0          0          0          0          0     0.2405E-06 0.1762E-08      0      0.2422E-06
 1399.683992         0          0          0          0          0          0          0          0          0          0          0          0          0          0     0.2681E-06 0.1765E-08      0      0.2699E-06
 1432.286820         0          0          0          0          0          0          0          0          0          0          0          0          0          0     0.3656E-06 0.1768E-08      0      0.3673E-06
 1465.649066         0          0          0          0          0          0          0          0          0          0          0          0          0          0     0.4129E-06 0.1770E-08      0      0.4147E-06
 1499.788419         0          0          0          0          0          0          0          0          0          0          0          0          0          0     0.3527E-06 0.1773E-08      0      0.3545E-06
 1534.722979         0          0          0          0          0          0          0          0          0          0          0          0          0          0     0.2446E-06 0.1775E-08      0      0.2464E-06
 1570.471269         0          0          0          0          0          0          0          0          0          0          0          0          0          0     0.1851E-06 0.1777E-08      0      0.1869E-06
 1607.052244         0          0          0          0          0          0          0          0          0          0          0          0          0          0     0.1585E-06 0.1779E-08      0      0.1603E-06
 1644.485300         0          0          0          0          0          0          0          0          0          0          0          0          0          0     0.1682E-06 0.1781E-08      0      0.1699E-06
 1682.790283         0          0          0          0          0          0          0          0          0          0          0          0          0          0     0.2023E-06 0.1784E-08      0      0.2041E-06
 1721.987504         0          0          0          0          0          0          0          0          0          0          0          0          0          0     0.1550E-06 0.1786E-08      0      0.1568E-06
 1762.097746         0          0          0          0          0          0          0          0          0          0          0          0          0          0     0.1079E-06 0.1787E-08      0      0.1097E-06
 1803.142275         0          0          0          0          0          0          0          0          0          0          0          0          0          0     0.9223E-07 0.1789E-08      0      0.9402E-07
 1845.142854         0          0          0          0          0          0          0          0          0          0          0          0          0          0     0.8164E-07 0.1791E-08      0      0.8343E-07
 1888.121753         0          0          0          0          0          0          0          0          0          0          0          0          0          0     0.9752E-07 0.1793E-08      0      0.9931E-07
 1932.101758         0          0          0          0          0          0          0          0          0          0          0          0          0          0     0.7841E-07 0.1794E-08      0      0.8020E-07
 1977.106189         0          0          0          0          0          0          0          0          0          0          0          0          0          0     0.7812E-07 0.1796E-08      0      0.7991E-07
