La simulazione del detection non funziona perchè la pf è sbagliata, se facciamo l'ottimizzazione in base ai detriti
osservabili possiamo togliere tutta la parte della probabilità di detection.

times with detect_debris2:
20.549795627593994
20.691245317459106
20.526498317718506
with more satellites:
40.48849844932556

times with detect_debris:
21.2354998588562
21.051828861236572
21.322001218795776
with more satellites:
41.00621294975281


float16
Stest completed. Elapsed time: 71.59 s
    - Detected debris: [  69  337  406  541  639  687  775 1418]. Efficiency: 0.008. Collisions: []. Collision penalty: 0.0/1

float32
Stest completed. Elapsed time: 141.21 s
    - Detected debris: [  0   1   2   3   4   5   6   7   8  10  11  14  15  16  17  18  20  21
  23  24  25  26  31  32  35  37  39  40  41  42  43  44  45  49  50  51
  52  53  54  55  56  58  61  63  65  66  67  69  71  72  73  74  75  76
  77  78  79  80  85  86  87  88  89  90  91  92  93  94  96  97  98 100
 105 106 111 112 114 115 119 120 121 122 124 127 131 132 133 134 135 136
 137 138 139 140 141 144 145 146 147 148 150 152 154 155 156 157 158 159
 160 161 164 165 166 167 168 169 170 171 172 173 174 175 176 177 178 179
 180 181 182 183 184 185 186 187 188 190 191 194 197 198 199 200 205 206
 207 208 209 210 211 212 213 214 215 216 217 218 219 220 221 222 223 224
 225 226 227 228 229 230 231 232 233 234 235 236 237 238 239 241 243 244
 245 246 247 248 249 250 251 252 253 254 255 256 257 258 259 260 261 262
 263 264 265 266 268 270 271 272 273 274 275 276 277 278 279 280 281 282
 283 285 286 290 291 293 294 295 296 298 299 300 301 308 309 310 311 312
 313 314 315 316 317 318 322 323 324 325 326 327 328 329 330 334 335 336
 337 338 339 340 341 342 343 344 345 346 348 349 350 351 358 359 360 361
 362 363 364 365 366 367 368 369 370 371 372 373 375 376 379 382 383 384
 386 388 389 390 391 392 393 394 403 404 405 406 409 410 411 413 414 415
 416 417 418 419 421 422 424 425 426 427 428 429 430 431 432 433 434 436
 437 438 439 441 442 443 446 447 448 449 450 451 455 457 458 460 461 462
 463 465 466 467 469 470 471 472 478 479 481 482 486 487 488 489 490 491
 492 493 494 495 496 497 498 499 500 501 503 504 505 507 508 509 510 511
 534 535 536 537 538 539 540 541 542 543 544 545 546 547 548 549 550 551
 552 553 554 555 556 557 558 559 560 561 562 563 564 565 566 567 568 569
 570 571 572 573 574 575 576 577 582 583 584 585 586 588 589 591 592 593
 594 595 596 597 598 599 600 601 605 606 607 608 609 610 611 612 613 614
 615 616 617 618 619 620 621 622 623 624 625 628 629 630 631 632 633 634
 635 637 638 639 641 644 645 646 647 648 649 650 651 652 653 654 655 656
 657 658 659 661 664 665 666 667 668 669 670 671 672 673 674 675 678 679
 680 681 682 683 686 687 689 691 695 696 697 698 699 700 701 702 703 704
 706 707 711 713 714 715 716 724 725 726 727 730 731 735 736 739 741 742
 743 745 747 748 749 754 760 762 768 770 775 783 790 792 796 799 804 806
 812 813 816 826 827 828 834 841 844 852 856 858 859 864 865 868 871 873
 874 878 882 884 889 892 897 898 901 912 915 920 922 923 924 928 935 937
 941 944 952 954 955 956 959 960 961 962 966 969 975 976 981 987 995 999]. Efficiency: 0.63. Collisions: []. Collision penalty: 0.0/1


 conclusion: float16 is not accurate enough



 Sbigtimev 24h completed. Elapsed time: 4039.28 s
    - Detected debris: [   1    3    4    6    7    8   10   11   12   14   16   17   18   24
   27   28   29   31   32   34   39   40   41   42   43   44   45   48
   49   50   51   52   53   54   55   56   57   59   63   64   65   68
   74   76   77   78   82   83   86   87   89   90   93   94   96  101
  105  109  110  111  117  121  122  123  124  127  128  134  137  138
  139  140  142  143  144  145  146  147  149  151  153  154  163  165
  166  167  173  174  175  176  177  178  179  181  182  183  185  186
  188  190  195  196  197  200  201  204  205  208  210  211  212  213
  215  216  219  222  224  226  228  229  232  233  236  237  239  241
  242  246  249  250  254  255  258  259  261  265  266  267  268  269
  273  275  276  278  279  281  282  285  287  288  289  290  292  297
  298  301  302  303  305  306  309  313  314  315  316  317  318  320
  322  324  326  328  330  334  336  342  345  347  348  349  350  351
  352  353  356  360  361  363  365  367  373  376  378  385  386  388
  389  390  391  392  393  394  396  398  401  402  403  406  407  408
  411  412  414  415  417  418  419  420  424  425  428  429  430  431
  432  433  434  436  439  440  441  445  448  449  450  451  452  454
  455  457  460  462  463  464  465  467  468  469  474  475  476  477
  478  479  482  487  488  489  490  491  494  497  501  507  510  511
  512  513  514  517  520  522  523  525  528  529  533  534  536  537
  542  543  544  545  547  551  553  554  557  558  560  563  567  568
  570  572  576  577  578  579  580  581  582  584  586  589  590  594
  595  597  598  599  600  601  602  603  604  607  608  610  611  616
  617  618  619  624  625  627  630  633  635  636  638  639  640  644
  645  646  647  648  649  658  660  663  665  666  667  669  670  672
  673  675  682  683  684  686  687  689  690  692  693  694  697  698
  700  701  702  703  704  705  707  711  713  715  719  720  722  724
  725  727  728  730  732  733  736  738  739  740  741  742  744  746
  749  751  752  753  756  759  761  762  764  765  769  770  771  772
  773  774  777  780  781  782  783  785  786  787  792  795  796  799
  800  802  806  809  810  811  813  814  815  816  820  821  822  823
  825  826  829  830  834  835  836  839  842  844  845  849  852  853
  854  856  857  860  861  862  863  864  865  866  870  871  872  873
  875  878  879  880  881  882  883  884  886  889  893  894  901  904
  905  906  908  910  914  915  917  918  919  921  922  924  925  926
  928  930  931  937  938  943  944  948  950  952  954  957  959  960
  961  964  965  966  968  970  972  973  974  976  978  979  980  981
  982  989  990  993  995  998 1001 1002 1004 1007 1008 1009 1010 1013
 1015 1016 1017 1018 1019 1021 1022 1024 1025 1026 1027 1028 1030 1035
 1036 1038 1040 1041 1043 1045 1047 1050 1056 1057 1064 1065 1066 1067
 1070 1073 1075 1078 1080 1084 1085 1086 1087 1088 1091 1095 1096 1100
 1101 1102 1104 1105 1106 1107 1108 1109 1113 1115 1116 1119 1120 1121
 1122 1123 1125 1126 1129 1130 1132 1135 1136 1137 1138 1139 1140 1141
 1144 1146 1149 1155 1160 1161 1165 1166 1167 1173 1174 1177 1179 1180
 1181 1185 1186 1187 1190 1191 1192 1196 1197 1198 1202 1204 1206 1207
 1208 1211 1215 1216 1219 1222 1223 1224 1227 1229 1230 1232 1233 1236
 1237 1239 1241 1242 1246 1247 1248 1249 1250 1252 1254 1256 1259 1264
 1265 1267 1269 1273 1278 1279 1280 1282 1283 1285 1288 1289 1292 1293
 1294 1295 1298 1299 1305 1306 1309 1311 1312 1313 1317 1318 1322 1323
 1324 1325 1328 1334 1336 1338 1340 1342 1344 1345 1347 1348 1351 1354
 1355 1356 1357 1359 1361 1366 1368 1369 1373 1374 1375 1376 1377 1381
 1383 1385 1387 1390 1395 1396 1400 1402 1403 1404 1405 1407 1408 1410
 1411 1412 1414 1415 1416 1418 1419 1421 1424 1425 1427 1428 1431 1432
 1433 1434 1435 1437 1439 1443 1446 1449 1450 1451 1455 1456 1457 1458
 1462 1464 1465 1466 1468 1469 1470 1471 1472 1473 1474 1475 1477 1479
 1482 1485 1488 1489 1491 1492 1493 1497 1498 1499 1500 1502 1506 1507
 1511 1512 1514 1516 1517 1521 1523 1525 1529 1533 1536 1540 1541 1543
 1544 1546 1547 1548 1549 1552 1556 1559 1561 1562 1563 1564 1565 1568
 1569 1570 1571 1575 1579 1581 1584 1585 1586 1588 1589 1590 1592 1595
 1597 1598 1599 1600 1601 1602 1608 1609 1610 1611 1614 1615 1616 1617
 1621 1622 1623 1624 1625 1626 1629 1631 1632 1636 1637 1640 1641 1643
 1646 1648 1653 1656 1657 1659 1661 1662 1664 1665 1667 1668 1669 1672
 1674 1676 1678 1680 1681 1682 1683 1688 1691 1693 1694 1695 1696 1699
 1704 1705 1709 1710 1711 1714 1716 1717 1719 1722 1728 1729 1730 1731
 1734 1736 1737 1738 1740 1741 1743 1746 1747 1751 1752 1754 1756 1757
 1759 1761 1762 1763 1764 1766 1769 1772 1773 1776 1778 1779 1781 1782
 1784 1785 1786 1787 1789 1791 1793 1795 1796 1799 1802 1805 1809 1810
 1811 1812 1815 1817 1819 1821 1822 1823 1826 1827 1829 1830 1839 1840
 1841 1842 1843 1849 1850 1852 1853 1858 1859 1861 1863 1866 1868 1875
 1876 1877 1879 1880 1881 1882 1885 1886 1888 1890 1891 1892 1896 1897
 1899 1900 1901 1903 1904 1905 1906 1907 1910 1911 1912 1913 1915 1917
 1919 1921 1922 1923 1927 1928 1931 1935 1938 1942 1944 1946 1949 1951
 1954 1956 1957 1962 1963 1964 1966 1970 1971 1972 1973 1974 1977 1981
 1983 1987 1989 1990 1992 1995 1998]. Efficiency: 0.51321375. Collisions: [  28  128  844 1449 1489]. Collision penalty: 0.0025/1