#  Altitude     Expl-Fragm Coll-Fragm Launch/Mis NaK-Drops   SRM-Slag   SRM-Dust  Paint Flks   Ejecta      MLI      Cloud 1    Cloud 2    Cloud 3    Cloud 4    Cloud 5   Human-made Meteoroids  Streams     Total   
#____[km]________[1/km^3]___[1/km^3]___[1/km^3]___[1/km^3]___[1/km^3]___[1/km^3]___[1/km^3]___[1/km^3]___[1/km^3]___[1/km^3]___[1/km^3]___[1/km^3]___[1/km^3]___[1/km^3]___[1/km^3]___[1/km^3]___[1/km^3]____[1/km^3]_
  213.000000         0          0          0          0          0          0          0          0          0          0          0          0          0          0     0.3262E-08 0.1450E-08      0      0.4712E-08
  226.000000         0          0          0          0          0          0          0          0          0          0          0          0          0          0     0.6477E-08 0.2912E-08      0      0.9389E-08
  239.000000         0          0          0          0          0          0          0          0          0          0          0          0          0          0     0.1058E-07 0.4383E-08      0      0.1497E-07
  252.000000         0          0          0          0          0          0          0          0          0          0          0          0          0          0     0.1691E-07 0.5865E-08      0      0.2277E-07
  265.000000         0          0          0          0          0          0          0          0          0          0          0          0          0          0     0.2426E-07 0.7356E-08      0      0.3162E-07
  278.000000         0          0          0          0          0          0          0          0          0          0          0          0          0          0     0.3860E-07 0.8857E-08      0      0.4745E-07
  291.000000         0          0          0          0          0          0          0          0          0          0          0          0          0          0     0.5278E-07 0.1036E-07      0      0.6314E-07
  304.000000         0          0          0          0          0          0          0          0          0          0          0          0          0          0     0.7159E-07 0.1188E-07      0      0.8347E-07
  317.000000         0          0          0          0          0          0          0          0          0          0          0          0          0          0     0.9863E-07 0.1341E-07      0      0.1120E-06
  330.000000         0          0          0          0          0          0          0          0          0          0          0          0          0          0     0.1288E-06 0.1494E-07      0      0.1437E-06
  343.000000         0          0          0          0          0          0          0          0          0          0          0          0          0          0     0.1616E-06 0.1648E-07      0      0.1780E-06
  356.000000         0          0          0          0          0          0          0          0          0          0          0          0          0          0     0.2012E-06 0.1802E-07      0      0.2192E-06
  369.000000         0          0          0          0          0          0          0          0          0          0          0          0          0          0     0.2447E-06 0.1957E-07      0      0.2643E-06
  382.000000         0          0          0          0          0          0          0          0          0          0          0          0          0          0     0.2966E-06 0.2113E-07      0      0.3177E-06
  395.000000         0          0          0          0          0          0          0          0          0          0          0          0          0          0     0.3619E-06 0.2269E-07      0      0.3846E-06
  408.000000         0          0          0          0          0          0          0          0          0          0          0          0          0          0     0.4249E-06 0.2426E-07      0      0.4492E-06
  421.000000         0          0          0          0          0          0          0          0          0          0          0          0          0          0     0.4877E-06 0.2584E-07      0      0.5135E-06
  434.000000         0          0          0          0          0          0          0          0          0          0          0          0          0          0     0.5567E-06 0.2742E-07      0      0.5841E-06
  447.000000         0          0          0          0          0          0          0          0          0          0          0          0          0          0     0.6283E-06 0.2901E-07      0      0.6573E-06
  460.000000         0          0          0          0          0          0          0          0          0          0          0          0          0          0     0.7117E-06 0.3060E-07      0      0.7423E-06
  473.000000         0          0          0          0          0          0          0          0          0          0          0          0          0          0     0.8092E-06 0.3219E-07      0      0.8414E-06
  486.000000         0          0          0          0          0          0          0          0          0          0          0          0          0          0     0.9195E-06 0.3379E-07      0      0.9533E-06
  499.000000         0          0          0          0          0          0          0          0          0          0          0          0          0          0     0.1026E-05 0.3540E-07      0      0.1062E-05
  512.000000         0          0          0          0          0          0          0          0          0          0          0          0          0          0     0.1157E-05 0.3701E-07      0      0.1194E-05
  525.000000         0          0          0          0          0          0          0          0          0          0          0          0          0          0     0.1304E-05 0.3863E-07      0      0.1343E-05
  538.000000         0          0          0          0          0          0          0          0          0          0          0          0          0          0     0.1483E-05 0.4024E-07      0      0.1523E-05
  551.000000         0          0          0          0          0          0          0          0          0          0          0          0          0          0     0.1649E-05 0.4187E-07      0      0.1691E-05
  564.000000         0          0          0          0          0          0          0          0          0          0          0          0          0          0     0.1837E-05 0.4349E-07      0      0.1880E-05
  577.000000         0          0          0          0          0          0          0          0          0          0          0          0          0          0     0.2027E-05 0.4513E-07      0      0.2072E-05
  590.000000         0          0          0          0          0          0          0          0          0          0          0          0          0          0     0.2250E-05 0.4676E-07      0      0.2296E-05
  603.000000         0          0          0          0          0          0          0          0          0          0          0          0          0          0     0.2495E-05 0.4840E-07      0      0.2543E-05
  616.000000         0          0          0          0          0          0          0          0          0          0          0          0          0          0     0.2758E-05 0.5004E-07      0      0.2808E-05
  629.000000         0          0          0          0          0          0          0          0          0          0          0          0          0          0     0.3038E-05 0.5169E-07      0      0.3089E-05
  642.000000         0          0          0          0          0          0          0          0          0          0          0          0          0          0     0.3370E-05 0.5334E-07      0      0.3424E-05
  655.000000         0          0          0          0          0          0          0          0          0          0          0          0          0          0     0.3755E-05 0.5499E-07      0      0.3810E-05
  668.000000         0          0          0          0          0          0          0          0          0          0          0          0          0          0     0.4196E-05 0.5665E-07      0      0.4252E-05
  681.000000         0          0          0          0          0          0          0          0          0          0          0          0          0          0     0.4629E-05 0.5831E-07      0      0.4687E-05
  694.000000         0          0          0          0          0          0          0          0          0          0          0          0          0          0     0.5116E-05 0.5997E-07      0      0.5176E-05
  707.000000         0          0          0          0          0          0          0          0          0          0          0          0          0          0     0.5635E-05 0.6164E-07      0      0.5697E-05
  720.000000         0          0          0          0          0          0          0          0          0          0          0          0          0          0     0.6251E-05 0.6330E-07      0      0.6315E-05
  733.000000         0          0          0          0          0          0          0          0          0          0          0          0          0          0     0.6947E-05 0.6498E-07      0      0.7012E-05
  746.000000         0          0          0          0          0          0          0          0          0          0          0          0          0          0     0.7728E-05 0.6665E-07      0      0.7795E-05
  759.000000         0          0          0          0          0          0          0          0          0          0          0          0          0          0     0.8616E-05 0.6833E-07      0      0.8685E-05
  772.000000         0          0          0          0          0          0          0          0          0          0          0          0          0          0     0.9564E-05 0.7001E-07      0      0.9634E-05
  785.000000         0          0          0          0          0          0          0          0          0          0          0          0          0          0     0.1051E-04 0.7169E-07      0      0.1058E-04
  798.000000         0          0          0          0          0          0          0          0          0          0          0          0          0          0     0.1148E-04 0.7338E-07      0      0.1155E-04
  811.000000         0          0          0          0          0          0          0          0          0          0          0          0          0          0     0.1246E-04 0.7507E-07      0      0.1254E-04
  824.000000         0          0          0          0          0          0          0          0          0          0          0          0          0          0     0.1356E-04 0.7676E-07      0      0.1363E-04
  837.000000         0          0          0          0          0          0          0          0          0          0          0          0          0          0     0.1465E-04 0.7845E-07      0      0.1473E-04
  850.000000         0          0          0          0          0          0          0          0          0          0          0          0          0          0     0.1582E-04 0.8015E-07      0      0.1590E-04
  863.000000         0          0          0          0          0          0          0          0          0          0          0          0          0          0     0.1694E-04 0.8184E-07      0      0.1702E-04
  876.000000         0          0          0          0          0          0          0          0          0          0          0          0          0          0     0.1793E-04 0.8354E-07      0      0.1801E-04
  889.000000         0          0          0          0          0          0          0          0          0          0          0          0          0          0     0.1874E-04 0.8525E-07      0      0.1883E-04
  902.000000         0          0          0          0          0          0          0          0          0          0          0          0          0          0     0.1948E-04 0.8695E-07      0      0.1957E-04
  915.000000         0          0          0          0          0          0          0          0          0          0          0          0          0          0     0.2015E-04 0.8866E-07      0      0.2024E-04
  928.000000         0          0          0          0          0          0          0          0          0          0          0          0          0          0     0.2076E-04 0.9037E-07      0      0.2085E-04
  941.000000         0          0          0          0          0          0          0          0          0          0          0          0          0          0     0.2132E-04 0.9208E-07      0      0.2141E-04
  954.000000         0          0          0          0          0          0          0          0          0          0          0          0          0          0     0.2185E-04 0.9379E-07      0      0.2194E-04
  967.000000         0          0          0          0          0          0          0          0          0          0          0          0          0          0     0.2234E-04 0.9551E-07      0      0.2243E-04
  980.000000         0          0          0          0          0          0          0          0          0          0          0          0          0          0     0.2279E-04 0.9723E-07      0      0.2289E-04
  993.000000         0          0          0          0          0          0          0          0          0          0          0          0          0          0     0.2321E-04 0.9895E-07      0      0.2331E-04
 1006.000000         0          0          0          0          0          0          0          0          0          0          0          0          0          0     0.2361E-04 0.1007E-06      0      0.2371E-04
 1019.000000         0          0          0          0          0          0          0          0          0          0          0          0          0          0     0.2398E-04 0.1024E-06      0      0.2408E-04
 1032.000000         0          0          0          0          0          0          0          0          0          0          0          0          0          0     0.2435E-04 0.1041E-06      0      0.2445E-04
 1045.000000         0          0          0          0          0          0          0          0          0          0          0          0          0          0     0.2471E-04 0.1058E-06      0      0.2482E-04
 1058.000000         0          0          0          0          0          0          0          0          0          0          0          0          0          0     0.2508E-04 0.1076E-06      0      0.2518E-04
 1071.000000         0          0          0          0          0          0          0          0          0          0          0          0          0          0     0.2541E-04 0.1093E-06      0      0.2552E-04
 1084.000000         0          0          0          0          0          0          0          0          0          0          0          0          0          0     0.2572E-04 0.1110E-06      0      0.2583E-04
 1097.000000         0          0          0          0          0          0          0          0          0          0          0          0          0          0     0.2601E-04 0.1128E-06      0      0.2613E-04
 1110.000000         0          0          0          0          0          0          0          0          0          0          0          0          0          0     0.2629E-04 0.1145E-06      0      0.2640E-04
 1123.000000         0          0          0          0          0          0          0          0          0          0          0          0          0          0     0.2655E-04 0.1162E-06      0      0.2666E-04
 1136.000000         0          0          0          0          0          0          0          0          0          0          0          0          0          0     0.2680E-04 0.1180E-06      0      0.2692E-04
 1149.000000         0          0          0          0          0          0          0          0          0          0          0          0          0          0     0.2706E-04 0.1197E-06      0      0.2718E-04
 1162.000000         0          0          0          0          0          0          0          0          0          0          0          0          0          0     0.2731E-04 0.1215E-06      0      0.2743E-04
 1175.000000         0          0          0          0          0          0          0          0          0          0          0          0          0          0     0.2755E-04 0.1232E-06      0      0.2767E-04
 1188.000000         0          0          0          0          0          0          0          0          0          0          0          0          0          0     0.2782E-04 0.1249E-06      0      0.2794E-04
 1201.000000         0          0          0          0          0          0          0          0          0          0          0          0          0          0     0.2808E-04 0.1267E-06      0      0.2821E-04
 1214.000000         0          0          0          0          0          0          0          0          0          0          0          0          0          0     0.2833E-04 0.1284E-06      0      0.2846E-04
 1227.000000         0          0          0          0          0          0          0          0          0          0          0          0          0          0     0.2861E-04 0.1302E-06      0      0.2874E-04
 1240.000000         0          0          0          0          0          0          0          0          0          0          0          0          0          0     0.2888E-04 0.1319E-06      0      0.2901E-04
 1253.000000         0          0          0          0          0          0          0          0          0          0          0          0          0          0     0.2915E-04 0.1337E-06      0      0.2928E-04
 1266.000000         0          0          0          0          0          0          0          0          0          0          0          0          0          0     0.2942E-04 0.1354E-06      0      0.2956E-04
 1279.000000         0          0          0          0          0          0          0          0          0          0          0          0          0          0     0.2972E-04 0.1372E-06      0      0.2985E-04
 1292.000000         0          0          0          0          0          0          0          0          0          0          0          0          0          0     0.3000E-04 0.1390E-06      0      0.3014E-04
 1305.000000         0          0          0          0          0          0          0          0          0          0          0          0          0          0     0.3026E-04 0.1407E-06      0      0.3040E-04
 1318.000000         0          0          0          0          0          0          0          0          0          0          0          0          0          0     0.3049E-04 0.1425E-06      0      0.3063E-04
 1331.000000         0          0          0          0          0          0          0          0          0          0          0          0          0          0     0.3071E-04 0.1442E-06      0      0.3086E-04
 1344.000000         0          0          0          0          0          0          0          0          0          0          0          0          0          0     0.3094E-04 0.1460E-06      0      0.3108E-04
 1357.000000         0          0          0          0          0          0          0          0          0          0          0          0          0          0     0.3117E-04 0.1477E-06      0      0.3131E-04
 1370.000000         0          0          0          0          0          0          0          0          0          0          0          0          0          0     0.3140E-04 0.1495E-06      0      0.3155E-04
 1383.000000         0          0          0          0          0          0          0          0          0          0          0          0          0          0     0.3165E-04 0.1513E-06      0      0.3180E-04
 1396.000000         0          0          0          0          0          0          0          0          0          0          0          0          0          0     0.3191E-04 0.1530E-06      0      0.3206E-04
 1409.000000         0          0          0          0          0          0          0          0          0          0          0          0          0          0     0.3218E-04 0.1548E-06      0      0.3234E-04
 1422.000000         0          0          0          0          0          0          0          0          0          0          0          0          0          0     0.3250E-04 0.1566E-06      0      0.3266E-04
 1435.000000         0          0          0          0          0          0          0          0          0          0          0          0          0          0     0.3285E-04 0.1583E-06      0      0.3301E-04
 1448.000000         0          0          0          0          0          0          0          0          0          0          0          0          0          0     0.3324E-04 0.1601E-06      0      0.3340E-04
 1461.000000         0          0          0          0          0          0          0          0          0          0          0          0          0          0     0.3365E-04 0.1619E-06      0      0.3381E-04
 1474.000000         0          0          0          0          0          0          0          0          0          0          0          0          0          0     0.3406E-04 0.1636E-06      0      0.3422E-04
 1487.000000         0          0          0          0          0          0          0          0          0          0          0          0          0          0     0.3445E-04 0.1654E-06      0      0.3461E-04
 1500.000000         0          0          0          0          0          0          0          0          0          0          0          0          0          0     0.3481E-04 0.1672E-06      0      0.3497E-04
