# Declination   Expl-Fragm Coll-Fragm Launch/Mis NaK-Drops   SRM-Slag   SRM-Dust  Paint Flks   Ejecta      MLI     Meteoroids  Streams    Cloud 1    Cloud 2    Cloud 3    Cloud 4    Cloud 5    Total
#____[deg]_______[1/km^3]___[1/km^3]___[1/km^3]___[1/km^3]___[1/km^3]___[1/km^3]___[1/km^3]___[1/km^3]___[1/km^3]___[1/km^3]___[1/km^3]___[1/km^3]___[1/km^3]___[1/km^3]___[1/km^3]___[1/km^3]____[1/km^3]_
  -85.000000    0.9763E-07 0.2565E-07 0.1581E-10 0.0000E+00 0.5790E-07 0.0000E+00 0.0000E+00 0.1397E-07 0.2761E-10      0          0          0          0          0          0          0      0.9763E-07
  -80.000000    0.2340E-06 0.5392E-07 0.7313E-09 0.0000E+00 0.8251E-07 0.0000E+00 0.0000E+00 0.6070E-07 0.6429E-10      0          0          0          0          0          0          0      0.2340E-06
  -75.000000    0.3769E-06 0.8862E-07 0.1041E-08 0.0000E+00 0.1125E-06 0.0000E+00 0.0000E+00 0.9121E-07 0.1040E-09      0          0          0          0          0          0          0      0.3769E-06
  -70.000000    0.5191E-06 0.1342E-06 0.1260E-08 0.0000E+00 0.1298E-06 0.0000E+00 0.0000E+00 0.1272E-06 0.1626E-09      0          0          0          0          0          0          0      0.5191E-06
  -65.000000    0.6250E-06 0.1634E-06 0.1427E-08 0.0000E+00 0.1457E-06 0.0000E+00 0.0000E+00 0.1511E-06 0.2378E-09      0          0          0          0          0          0          0      0.6250E-06
  -60.000000    0.7800E-06 0.1836E-06 0.1568E-08 0.3300E-09 0.2097E-06 0.0000E+00 0.0000E+00 0.1766E-06 0.3105E-09      0          0          0          0          0          0          0      0.7800E-06
  -55.000000    0.9134E-06 0.2015E-06 0.1685E-08 0.5034E-09 0.2741E-06 0.0000E+00 0.0000E+00 0.1950E-06 0.3657E-09      0          0          0          0          0          0          0      0.9134E-06
  -50.000000    0.1165E-05 0.2165E-06 0.1788E-08 0.6336E-09 0.4638E-06 0.0000E+00 0.0000E+00 0.2122E-06 0.4122E-09      0          0          0          0          0          0          0      0.1165E-05
  -45.000000    0.1339E-05 0.2298E-06 0.1879E-08 0.7413E-09 0.5805E-06 0.0000E+00 0.0000E+00 0.2270E-06 0.4537E-09      0          0          0          0          0          0          0      0.1339E-05
  -40.000000    0.1478E-05 0.2421E-06 0.1962E-08 0.8352E-09 0.6689E-06 0.0000E+00 0.0000E+00 0.2403E-06 0.4910E-09      0          0          0          0          0          0          0      0.1478E-05
  -35.000000    0.1619E-05 0.2527E-06 0.2039E-08 0.9198E-09 0.7652E-06 0.0000E+00 0.0000E+00 0.2527E-06 0.5265E-09      0          0          0          0          0          0          0      0.1619E-05
  -30.000000    0.1801E-05 0.2638E-06 0.2111E-08 0.9977E-09 0.9028E-06 0.0000E+00 0.0000E+00 0.2651E-06 0.5600E-09      0          0          0          0          0          0          0      0.1801E-05
  -25.000000    0.2164E-05 0.2744E-06 0.2180E-08 0.1070E-08 0.1223E-05 0.0000E+00 0.0000E+00 0.2779E-06 0.5924E-09      0          0          0          0          0          0          0      0.2164E-05
  -20.000000    0.2525E-05 0.2838E-06 0.2246E-08 0.1139E-08 0.1541E-05 0.0000E+00 0.0000E+00 0.2916E-06 0.6266E-09      0          0          0          0          0          0          0      0.2525E-05
  -15.000000    0.2914E-05 0.2929E-06 0.2311E-08 0.1205E-08 0.1881E-05 0.0000E+00 0.0000E+00 0.3103E-06 0.6664E-09      0          0          0          0          0          0          0      0.2914E-05
  -10.000000    0.3734E-05 0.3020E-06 0.2396E-08 0.1270E-08 0.2565E-05 0.0000E+00 0.0000E+00 0.3657E-06 0.7234E-09      0          0          0          0          0          0          0      0.3734E-05
   -5.000000    0.5299E-05 0.3104E-06 0.2479E-08 0.1333E-08 0.3950E-05 0.0000E+00 0.0000E+00 0.4538E-06 0.7991E-09      0          0          0          0          0          0          0      0.5299E-05
    0.000000    0.6940E-05 0.3189E-06 0.2584E-08 0.1396E-08 0.5358E-05 0.0000E+00 0.0000E+00 0.5829E-06 0.9211E-09      0          0          0          0          0          0          0      0.6940E-05
    5.000000    0.7611E-06 0.3275E-06 0.2683E-08 0.1458E-08 0.6872E-05 0.0000E+00 0.0000E+00 0.7129E-06 0.1037E-08      0          0          0          0          0          0          0      0.8679E-05
   10.000000    0.8679E-05 0.3363E-06 0.2770E-08 0.1521E-08 0.8292E-05 0.0000E+00 0.0000E+00 0.7958E-06 0.1112E-08      0          0          0          0          0          0          0      0.1027E-04
   15.000000    0.1027E-04 0.3453E-06 0.2852E-08 0.1586E-08 0.9013E-05 0.0000E+00 0.0000E+00 0.8531E-06 0.1170E-08      0          0          0          0          0          0          0      0.1113E-04
   20.000000    0.1113E-04 0.3549E-06 0.2912E-08 0.1653E-08 0.9332E-05 0.0000E+00 0.0000E+00 0.8669E-06 0.1207E-08      0          0          0          0          0          0          0      0.1149E-04
   25.000000    0.1149E-04 0.3642E-06 0.2971E-08 0.1722E-08 0.9673E-05 0.0000E+00 0.0000E+00 0.8795E-06 0.1240E-08      0          0          0          0          0          0          0      0.1188E-04
   30.000000    0.1188E-04 0.3733E-06 0.3032E-08 0.1794E-08 0.9987E-05 0.0000E+00 0.0000E+00 0.8921E-06 0.1273E-08      0          0          0          0          0          0          0      0.1224E-04
   35.000000    0.1224E-04 0.3838E-06 0.3094E-08 0.1872E-08 0.1010E-04 0.0000E+00 0.0000E+00 0.9039E-06 0.1307E-08      0          0          0          0          0          0          0      0.1240E-04
   40.000000    0.1240E-04 0.3944E-06 0.3161E-08 0.1956E-08 0.1018E-04 0.0000E+00 0.0000E+00 0.9168E-06 0.1343E-08      0          0          0          0          0          0          0      0.1253E-04
   45.000000    0.1253E-04 0.4062E-06 0.3233E-08 0.2050E-08 0.1026E-04 0.0000E+00 0.0000E+00 0.9307E-06 0.1380E-08      0          0          0          0          0          0          0      0.1267E-04
   50.000000    0.1285E-04 0.4193E-06 0.3311E-08 0.2157E-08 0.1036E-04 0.0000E+00 0.0000E+00 0.9472E-06 0.1419E-08      0          0          0          0          0          0          0      0.1285E-04
   55.000000    0.1312E-04 0.4345E-06 0.3396E-08 0.2287E-08 0.1055E-04 0.0000E+00 0.0000E+00 0.9643E-06 0.1462E-08      0          0          0          0          0          0          0      0.1312E-04
   60.000000    0.1325E-04 0.4513E-06 0.3491E-08 0.2459E-08 0.1061E-04 0.0000E+00 0.0000E+00 0.9828E-06 0.1510E-08      0          0          0          0          0          0          0      0.1325E-04
   65.000000    0.1339E-04 0.4712E-06 0.3604E-08 0.2787E-08 0.1067E-04 0.0000E+00 0.0000E+00 0.1009E-05 0.1568E-08      0          0          0          0          0          0          0      0.1339E-04
   70.000000    0.1350E-04 0.4972E-06 0.3735E-08 0.2787E-08 0.1069E-04 0.0000E+00 0.0000E+00 0.1034E-05 0.1618E-08      0          0          0          0          0          0          0      0.1350E-04
   75.000000    0.1364E-04 0.5399E-06 0.3904E-08 0.2787E-08 0.1071E-04 0.0000E+00 0.0000E+00 0.1071E-05 0.1674E-08      0          0          0          0          0          0          0      0.1364E-04
   80.000000    0.1357E-05 0.5752E-06 0.4152E-08 0.2787E-08 0.1075E-04 0.0000E+00 0.0000E+00 0.1102E-05 0.1706E-08      0          0          0          0          0          0          0      0.1379E-04
   85.000000    0.1379E-04 0.6045E-06 0.4702E-08 0.2787E-08 0.1078E-04 0.0000E+00 0.0000E+00 0.1148E-05 0.1735E-08      0          0          0          0          0          0          0      0.1394E-04
   90.000000    0.1379E-04 0.6278E-06 0.4718E-08 0.2787E-08 0.1088E-04 0.0000E+00 0.0000E+00 0.1167E-05 0.1757E-08      0          0          0          0          0          0          0      0.1379E-04

