#  Diameter     Expl-Fragm Coll-Fragm Launch/Mis NaK-Drops   SRM-Slag   SRM-Dust  Paint Flks   Ejecta      MLI      Cloud 1    Cloud 2    Cloud 3    Cloud 4    Cloud 5   Human-made Meteoroids  Streams     Total   
#_____[m]________[1/km^3]___[1/km^3]___[1/km^3]___[1/km^3]___[1/km^3]___[1/km^3]___[1/km^3]___[1/km^3]___[1/km^3]___[1/km^3]___[1/km^3]___[1/km^3]___[1/km^3]___[1/km^3]___[1/km^3]___[1/km^3]___[1/km^3]____[1/km^3]_
    0.010233         0          0          0          0          0          0          0          0          0          0          0          0          0          0     0.9026E-08 0.2892E-09      0      0.9315E-08
    0.010715         0          0          0          0          0          0          0          0          0          0          0          0          0          0     0.9451E-08 0.2406E-09      0      0.9692E-08
    0.011220         0          0          0          0          0          0          0          0          0          0          0          0          0          0     0.9897E-08 0.2002E-09      0      0.1010E-07
    0.011749         0          0          0          0          0          0          0          0          0          0          0          0          0          0     0.1036E-07 0.1666E-09      0      0.1053E-07
    0.012303         0          0          0          0          0          0          0          0          0          0          0          0          0          0     0.1085E-07 0.1386E-09      0      0.1099E-07
    0.012882         0          0          0          0          0          0          0          0          0          0          0          0          0          0     0.1136E-07 0.1153E-09      0      0.1148E-07
    0.013490         0          0          0          0          0          0          0          0          0          0          0          0          0          0     0.1190E-07 0.9590E-10      0      0.1199E-07
    0.014125         0          0          0          0          0          0          0          0          0          0          0          0          0          0     0.1246E-07 0.7977E-10      0      0.1254E-07
    0.014791         0          0          0          0          0          0          0          0          0          0          0          0          0          0     0.1305E-07 0.6636E-10      0      0.1311E-07
    0.015488         0          0          0          0          0          0          0          0          0          0          0          0          0          0     0.1366E-07 0.5519E-10      0      0.1372E-07
    0.016218         0          0          0          0          0          0          0          0          0          0          0          0          0          0     0.1431E-07 0.4591E-10      0      0.1435E-07
    0.016982         0          0          0          0          0          0          0          0          0          0          0          0          0          0     0.1498E-07 0.3818E-10      0      0.1502E-07
    0.017783         0          0          0          0          0          0          0          0          0          0          0          0          0          0     0.1569E-07 0.3175E-10      0      0.1572E-07
    0.018621         0          0          0          0          0          0          0          0          0          0          0          0          0          0     0.1642E-07 0.2641E-10      0      0.1645E-07
    0.019498         0          0          0          0          0          0          0          0          0          0          0          0          0          0     0.4836E-08 0.2196E-10      0      0.4858E-08
    0.020417         0          0          0          0          0          0          0          0          0          0          0          0          0          0     0.4377E-08 0.1826E-10      0      0.4396E-08
    0.021380         0          0          0          0          0          0          0          0          0          0          0          0          0          0     0.4584E-08 0.1519E-10      0      0.4599E-08
    0.022387         0          0          0          0          0          0          0          0          0          0          0          0          0          0     0.4800E-08 0.1263E-10      0      0.4812E-08
    0.023442         0          0          0          0          0          0          0          0          0          0          0          0          0          0     0.5026E-08 0.1050E-10      0      0.5036E-08
    0.024547         0          0          0          0          0          0          0          0          0          0          0          0          0          0     0.5263E-08 0.8732E-11      0      0.5272E-08
    0.025704         0          0          0          0          0          0          0          0          0          0          0          0          0          0     0.5511E-08 0.7260E-11      0      0.5518E-08
    0.026915         0          0          0          0          0          0          0          0          0          0          0          0          0          0     0.5771E-08 0.6036E-11      0      0.5777E-08
    0.028184         0          0          0          0          0          0          0          0          0          0          0          0          0          0     0.5514E-08 0.5019E-11      0      0.5519E-08
    0.029512         0          0          0          0          0          0          0          0          0          0          0          0          0          0     0.2559E-08 0.4173E-11      0      0.2563E-08
    0.030903         0          0          0          0          0          0          0          0          0          0          0          0          0          0     0.2679E-08 0.3469E-11      0      0.2683E-08
    0.032359         0          0          0          0          0          0          0          0          0          0          0          0          0          0     0.2806E-08 0.2884E-11      0      0.2808E-08
    0.033884         0          0          0          0          0          0          0          0          0          0          0          0          0          0     0.2938E-08 0.2398E-11      0      0.2940E-08
    0.035481         0          0          0          0          0          0          0          0          0          0          0          0          0          0     0.3076E-08 0.1993E-11      0      0.3078E-08
    0.037154         0          0          0          0          0          0          0          0          0          0          0          0          0          0     0.3221E-08 0.1657E-11      0      0.3223E-08
    0.038905         0          0          0          0          0          0          0          0          0          0          0          0          0          0     0.2046E-08 0.1378E-11      0      0.2047E-08
    0.040738         0          0          0          0          0          0          0          0          0          0          0          0          0          0     0.1987E-08 0.1145E-11      0      0.1988E-08
    0.042658         0          0          0          0          0          0          0          0          0          0          0          0          0          0     0.2080E-08 0.3869E-12      0      0.2081E-08
    0.044668         0          0          0          0          0          0          0          0          0          0          0          0          0          0     0.2178E-08 0.0000E+00      0      0.2178E-08
    0.046774         0          0          0          0          0          0          0          0          0          0          0          0          0          0     0.2225E-08 0.0000E+00      0      0.2225E-08
    0.048978         0          0          0          0          0          0          0          0          0          0          0          0          0          0     0.1285E-08 0.0000E+00      0      0.1285E-08
    0.051286         0          0          0          0          0          0          0          0          0          0          0          0          0          0     0.1345E-08 0.0000E+00      0      0.1345E-08
    0.053703         0          0          0          0          0          0          0          0          0          0          0          0          0          0     0.1408E-08 0.0000E+00      0      0.1408E-08
    0.056234         0          0          0          0          0          0          0          0          0          0          0          0          0          0     0.1426E-08 0.0000E+00      0      0.1426E-08
    0.058884         0          0          0          0          0          0          0          0          0          0          0          0          0          0     0.1002E-08 0.0000E+00      0      0.1002E-08
    0.061660         0          0          0          0          0          0          0          0          0          0          0          0          0          0     0.1050E-08 0.0000E+00      0      0.1050E-08
    0.064565         0          0          0          0          0          0          0          0          0          0          0          0          0          0     0.1099E-08 0.0000E+00      0      0.1099E-08
    0.067608         0          0          0          0          0          0          0          0          0          0          0          0          0          0     0.8313E-09 0.0000E+00      0      0.8313E-09
    0.070795         0          0          0          0          0          0          0          0          0          0          0          0          0          0     0.7586E-09 0.0000E+00      0      0.7586E-09
    0.074131         0          0          0          0          0          0          0          0          0          0          0          0          0          0     0.7943E-09 0.0000E+00      0      0.7943E-09
    0.077625         0          0          0          0          0          0          0          0          0          0          0          0          0          0     0.6307E-09 0.0000E+00      0      0.6307E-09
    0.081283         0          0          0          0          0          0          0          0          0          0          0          0          0          0     0.6228E-09 0.0000E+00      0      0.6228E-09
    0.085114         0          0          0          0          0          0          0          0          0          0          0          0          0          0     0.6041E-09 0.0000E+00      0      0.6041E-09
    0.089125         0          0          0          0          0          0          0          0          0          0          0          0          0          0     0.5107E-09 0.0000E+00      0      0.5107E-09
    0.093325         0          0          0          0          0          0          0          0          0          0          0          0          0          0     0.5347E-09 0.0000E+00      0      0.5347E-09
    0.097724         0          0          0          0          0          0          0          0          0          0          0          0          0          0     0.3822E-09 0.0000E+00      0      0.3822E-09
    0.102329         0          0          0          0          0          0          0          0          0          0          0          0          0          0     0.4003E-09 0.0000E+00      0      0.4003E-09
    0.107152         0          0          0          0          0          0          0          0          0          0          0          0          0          0     0.4191E-09 0.0000E+00      0      0.4191E-09
    0.112202         0          0          0          0          0          0          0          0          0          0          0          0          0          0     0.4389E-09 0.0000E+00      0      0.4389E-09
    0.117490         0          0          0          0          0          0          0          0          0          0          0          0          0          0     0.4596E-09 0.0000E+00      0      0.4596E-09
    0.123027         0          0          0          0          0          0          0          0          0          0          0          0          0          0     0.4812E-09 0.0000E+00      0      0.4812E-09
    0.128825         0          0          0          0          0          0          0          0          0          0          0          0          0          0     0.5039E-09 0.0000E+00      0      0.5039E-09
    0.134896         0          0          0          0          0          0          0          0          0          0          0          0          0          0     0.5276E-09 0.0000E+00      0      0.5276E-09
    0.141254         0          0          0          0          0          0          0          0          0          0          0          0          0          0     0.5525E-09 0.0000E+00      0      0.5525E-09
    0.147911         0          0          0          0          0          0          0          0          0          0          0          0          0          0     0.5786E-09 0.0000E+00      0      0.5786E-09
    0.154882         0          0          0          0          0          0          0          0          0          0          0          0          0          0     0.6058E-09 0.0000E+00      0      0.6058E-09
    0.162181         0          0          0          0          0          0          0          0          0          0          0          0          0          0     0.6344E-09 0.0000E+00      0      0.6344E-09
    0.169824         0          0          0          0          0          0          0          0          0          0          0          0          0          0     0.6643E-09 0.0000E+00      0      0.6643E-09
    0.177828         0          0          0          0          0          0          0          0          0          0          0          0          0          0     0.6956E-09 0.0000E+00      0      0.6956E-09
    0.186209         0          0          0          0          0          0          0          0          0          0          0          0          0          0     0.7284E-09 0.0000E+00      0      0.7284E-09
    0.194984         0          0          0          0          0          0          0          0          0          0          0          0          0          0     0.2019E-09 0.0000E+00      0      0.2019E-09
    0.204174         0          0          0          0          0          0          0          0          0          0          0          0          0          0     0.1803E-09 0.0000E+00      0      0.1803E-09
    0.213796         0          0          0          0          0          0          0          0          0          0          0          0          0          0     0.1888E-09 0.0000E+00      0      0.1888E-09
    0.223872         0          0          0          0          0          0          0          0          0          0          0          0          0          0     0.1977E-09 0.0000E+00      0      0.1977E-09
    0.234423         0          0          0          0          0          0          0          0          0          0          0          0          0          0     0.2070E-09 0.0000E+00      0      0.2070E-09
    0.245471         0          0          0          0          0          0          0          0          0          0          0          0          0          0     0.2167E-09 0.0000E+00      0      0.2167E-09
    0.257040         0          0          0          0          0          0          0          0          0          0          0          0          0          0     0.2269E-09 0.0000E+00      0      0.2269E-09
    0.269153         0          0          0          0          0          0          0          0          0          0          0          0          0          0     0.2376E-09 0.0000E+00      0      0.2376E-09
    0.281838         0          0          0          0          0          0          0          0          0          0          0          0          0          0     0.2473E-09 0.0000E+00      0      0.2473E-09
    0.295121         0          0          0          0          0          0          0          0          0          0          0          0          0          0     0.2495E-09 0.0000E+00      0      0.2495E-09
    0.309030         0          0          0          0          0          0          0          0          0          0          0          0          0          0     0.2612E-09 0.0000E+00      0      0.2612E-09
    0.323594         0          0          0          0          0          0          0          0          0          0          0          0          0          0     0.2735E-09 0.0000E+00      0      0.2735E-09
    0.338844         0          0          0          0          0          0          0          0          0          0          0          0          0          0     0.2864E-09 0.0000E+00      0      0.2864E-09
    0.354813         0          0          0          0          0          0          0          0          0          0          0          0          0          0     0.2999E-09 0.0000E+00      0      0.2999E-09
    0.371535         0          0          0          0          0          0          0          0          0          0          0          0          0          0     0.3140E-09 0.0000E+00      0      0.3140E-09
    0.389045         0          0          0          0          0          0          0          0          0          0          0          0          0          0     0.9138E-10 0.0000E+00      0      0.9138E-10
    0.407380         0          0          0          0          0          0          0          0          0          0          0          0          0          0     0.6779E-10 0.0000E+00      0      0.6779E-10
    0.426580         0          0          0          0          0          0          0          0          0          0          0          0          0          0     0.7099E-10 0.0000E+00      0      0.7099E-10
    0.446684         0          0          0          0          0          0          0          0          0          0          0          0          0          0     0.7433E-10 0.0000E+00      0      0.7433E-10
    0.467735         0          0          0          0          0          0          0          0          0          0          0          0          0          0     0.7674E-10 0.0000E+00      0      0.7674E-10
    0.489779         0          0          0          0          0          0          0          0          0          0          0          0          0          0     0.5970E-10 0.0000E+00      0      0.5970E-10
    0.512861         0          0          0          0          0          0          0          0          0          0          0          0          0          0     0.6252E-10 0.0000E+00      0      0.6252E-10
    0.537032         0          0          0          0          0          0          0          0          0          0          0          0          0          0     0.6546E-10 0.0000E+00      0      0.6546E-10
    0.562341         0          0          0          0          0          0          0          0          0          0          0          0          0          0     0.6721E-10 0.0000E+00      0      0.6721E-10
    0.588844         0          0          0          0          0          0          0          0          0          0          0          0          0          0     0.5692E-10 0.0000E+00      0      0.5692E-10
    0.616595         0          0          0          0          0          0          0          0          0          0          0          0          0          0     0.5960E-10 0.0000E+00      0      0.5960E-10
    0.645654         0          0          0          0          0          0          0          0          0          0          0          0          0          0     0.6241E-10 0.0000E+00      0      0.6241E-10
    0.676083         0          0          0          0          0          0          0          0          0          0          0          0          0          0     0.7392E-10 0.0000E+00      0      0.7392E-10
    0.707946         0          0          0          0          0          0          0          0          0          0          0          0          0          0     0.8041E-10 0.0000E+00      0      0.8041E-10
    0.741310         0          0          0          0          0          0          0          0          0          0          0          0          0          0     0.8420E-10 0.0000E+00      0      0.8420E-10
    0.776247         0          0          0          0          0          0          0          0          0          0          0          0          0          0     0.1659E-09 0.0000E+00      0      0.1659E-09
    0.812831         0          0          0          0          0          0          0          0          0          0          0          0          0          0     0.1883E-09 0.0000E+00      0      0.1883E-09
    0.851138         0          0          0          0          0          0          0          0          0          0          0          0          0          0     0.2291E-08 0.0000E+00      0      0.2291E-08
    0.891251         0          0          0          0          0          0          0          0          0          0          0          0          0          0     0.4710E-13 0.0000E+00      0      0.4710E-13
    0.933254         0          0          0          0          0          0          0          0          0          0          0          0          0          0     0.4932E-13 0.0000E+00      0      0.4932E-13
    0.977237         0          0          0          0          0          0          0          0          0          0          0          0          0          0     0.0000E+00 0.0000E+00      0      0.0000E+00

